1169944
2606440
3403122
4233076
10785776
11537219
17114974
17970421
19116154
25987573
26016962
26518912
26748899
27659619
27929915
31107701
31957105
32466337
33649747
35194493
35578911
35833247
37937714
40207085
40383345
42795052
48916410
59637320
61951651
63461908
65248845
65390314
66159515
69017870
69858222
73488870
75828554
76258801
76704062
78974370
79045865
81043044
82780671
85205024
86073922
89055974
91297732
92080533
95973018
97880441
101198471
105077664
105442226
106311700
106625028
108541817
109670132
114742834
117109804
123403427
125326924
126601048
127313262
127961070
128224949
129733224
132018051
133039681
135521301
137983550
141681389
142764808
143595376
144283155
145724142
146659051
150245045
150511701
154117252
160132469
160975018
164156476
164668725
172120650
174794757
175462145
176262008
181001215
182820844
188377250
188715997
190728688
193304025
199679938
199810443
201833804
203639817
204230386
204738047
205420235
205638622
206901264
209653312
216014087
219557896
219575422
220794940
224399082
230758410
231970301
233142847
234591047
235345525
237223535
239864455
239967498
240043602
243434058
244684454
245229715
245280540
245541080
247645434
251874500
251887576
253755686
254374161
254780099
255940243
256216552
259992097
261569807
266046358
269009941
271401325
271627261
271870964
274810697
275316358
277430620
279475995
282516543
282776498
282844540
283311436
283975390
285580057
290202128
292978170
293258840
293317679
299303908
301717271
302608918
303925109
304179519
308221756
309680160
310602758
310993295
311149606
311489916
314136490
315272515
319746784
321706929
324756494
326412223
327771513
328107928
330987116
331511967
332081789
332955271
333298398
341062926
345288562
345600710
346077831
348330915
349243225
354634988
354776805
360989102
362439800
363664819
366356421
370902981
374014053
379928454
382275576
383731898
384513324
384777357
384836092
386539383
386652754
386711120
387134394
389097803
392938767
393161828
394171643
395899153
397098451
400910215
404501503
409117591
410730872
411214873
412850168
412905483
413556657
415076635
417525103
417876419
419350292
419573504
420172161
420714742
424041109
427791513
429488694
429944791
437238572
437394620
437439434
437583480
437862279
438803178
440798157
442315609
448796001
451913591
460713182
463255908
463814800
464612806
465597342
466427638
466588526
470436884
471280505
473646833
475540021
475677166
481106031
481897265
482844985
487196885
488215178
489745805
491617047
492288869
492716810
494671288
495628783
496858047
499514715
499897355
506551827
506614038
508786421
511998990
512697572
513589067
513817194
517841503
522535034
523606946
526523474
531096111
533444981
534967369
535932922
538661748
543957814
545961566
548077003
553050537
554655204
555277970
557710401
559714283
561098100
562149075
562989339
563900947
564845089
568462866
569499822
570945516
576034813
577698526
578642910
585073373
586820589
588784016
589066176
589733962
590419859
590437566
591262223
594321924
594331844
594868205
597626775
600163487
603361917
605650595
607278732
608066289
608658574
610137652
610576357
613353696
613851674
616047396
622527824
624473023
630214541
632498333
632700225
638152061
639696498
646149327
646259631
647204317
649530930
652751540
653519229
653527099
653669762
658523719
661099036
666735682
668843221
671090929
671147295
674002248
677110437
677839991
679703378
680492911
681462045
686380979
687068471
688098886
689248673
694120477
695384427
696582651
699203853
699670662
701983046
703791271
705164184
707332683
708284743
725301961
730495329
730591155
733320409
735971368
736801173
737976373
740574531
743674469
745985727
749933750
756403985
759386611
760620662
762811884
763239057
764097163
767626973
770815480
773945883
774698622
774750614
776774885
777149548
778308908
778514205
779292786
781285619
789385224
792957730
794170145
795442930
795815155
799221276
799736696
801696127
803362449
813557887
816487706
825679992
826414896
827786466
828918750
829925028
831760686
832065947
833274716
833779736
835828786
837025927
838017968
838073785
839868944
845652843
848947257
849476286
850934222
851880891
854041731
854330128
857119454
863357388
864670526
869945989
872837110
874624200
876397531
880348861
882460069
883872803
883956858
887904973
893536266
895222595
897423347
897514051
898366425
901511339
903396493
909211506
909898312
918686702
925817515
926157475
927890315
929908592
931660177
931842245
933095960
936075321
938380004
940664967
940932616
942452676
947034832
949332351
952676388
961600562
964920174
969157477
973756214
974219262
976342625
977122274
977585782
978554685
982174932
982681821
984898834
985516005
987078292
988209844
1002340674
1002742510
1006247874
1010900731
1016679389
1017669346
1018787778
1019028436
1020287349
1020314331
1023428396
1023487421
1025648297
1025652993
1027901087
1028988822
1029227071
1030705271
1032679994
1033673332
1038306658
1039198399
1039961493
1040543370
1041732181
1043283981
1044005273
1046742354
1048608209
1049362102
1049499247
1049535489
1050293170
1057346673
1061885427
1063777976
1065175592
1065628074
1066268017
1066865676
1066974373
1069729232
1070768566
1071918598
1073079130
1074233971
1076569948
1079903391
1080846359
1084039946
1087418876
1089132835
1090776938
1091338380
1100553513
1101338670
1101392832
1101732952
1102052014
1103516490
1104466173
1105578359
1108201441
1108776274
1109932133
1111192103
1111645580
1114345601
1115727373
1118864818
1121627246
1121911990
1128692547
1129140825
1129503737
1130733243
1131771829
1134624192
1137378506
1138673885
1142558804
1144051282
1145728633
1146956703
1150881856
1155760947
1158143966
1158717822
1159808004
1161618469
1162305651
1165045820
1165308422
1169052148
1170095488
1171531318
1174698590
1177080266
1179141504
1180382317
1182853518
1184327026
1188568553
1189559339
1192216491
1193231768
1193585857
1193657547
1200029651
1200203618
1200646911
1200856807
1202360748
1203886476
1204550888
1206509778
1206574014
1213368058
1214910589
1219004291
1222531292
1225872835
1228597760
1231038940
1233032656
1233211599
1234569397
1240655901
1241872103
1245117785
1246784801
1255180208
1255414662
1255739099
1256126131
1257317719
1260143208
1262313688
1264691769
1265314780
1267174266
1277899512
1279150354
1279715030
1285210115
1288651612
1291291776
1293676813
1295007324
1296116877
1296122444
1296726568
1300743141
1303276078
1305749359
1308104754
1309969318
1313841542
1314181308
1317985418
1319123999
1319439419
1320804976
1321410790
1323977941
1327457856
1328135150
1328923579
1329275164
1330001430
1332624684
1336509876
1340802414
1350712183
1350841066
1354497005
1355181854
1355770975
1356493756
1358196037
1360132427
1363738707
1363943532
1365915041
1366255928
1367138563
1369504671
1379308646
1379436637
1382432083
1383208122
1383405158
1383952169
1389784818
1394152122
1397175663
1399709589
1416185224
1416728983
1417829708
1421283101
1430901065
1433507505
1434754819
1435992436
1436804626
1437689814
1437738039
1444842129
1444869733
1453400829
1453964799
1455108092
1455133749
1456115475
1458994998
1460151569
1460889515
1461208212
1464315161
1464683041
1467083007
1468214600
1468397982
1470062674
1470835227
1470923893
1472005171
1472854859
1473200672
1473653569
1474641226
1476209602
1476687146
1479981761
1480090268
1483933871
1489406367
1491851099
1492444927
1494065799
1497261813
1501156056
1503881169
1505626037
1505822496
1514303710
1515196735
1524902124
1527351283
1530401330
1530971085
1532834284
1535570255
1537424206
1538997315
1542338647
1543096247
1546304437
1546556825
1548269374
1548354807
1555795435
1560478515
1561414626
1561674725
1563630913
1563865872
1564698943
1565672979
1566178049
1566742309
1568443206
1568758275
1569054202
1569258481
1569315114
1573653839
1573962013
1574018766
1577484357
1579425875
1583578966
1584278704
1587457149
1589375717
1590374577
1591037561
1591978162
1593938975
1594932984
1597070563
1599398775
1604894025
1605948001
1606364431
1610645031
1614306164
1615062496
1615113375
1615836313
1623130204
1624361680
1626115290
1628444693
1629521147
1633806734
1637534159
1643944266
1645138046
1646646719
1649074056
1651579366
1652280878
1656243769
1657383093
1663312269
1668286880
1669369115
1676837663
1680180665
1680872299
1693216340
1696117118
1698760361
1699508827
1703494947
1705134766
1705606060
1706741825
1707931345
1708420698
1710386892
1712002823
1713966804
1714996268
1715928919
1716907440
1729179964
1732526367
1736575447
1741800808
1742361094
1743049047
1745499374
1749541966
1750994147
1751383087
1753049435
1756906738
1757136450
1760952981
1761496368
1764994071
1771008117
1779888681
1783179987
1783514059
1786047044
1788974389
1789311782
1806614174
1806822927
1808855714
1811763118
1812829882
1822561805
1825168245
1827383693
1828288557
1829234895
1832548509
1835962958
1840090735
1841844869
1842263127
1842487465
1850643522
1852199318
1856731612
1858201120
1858543858
1860513348
1860961023
1865019193
1867590779
1870486223
1870906863
1872765847
1872847749
1873157250
1876182883
1879979074
1880066025
1881273075
1881601125
1887748274
1888620643
1890159785
1894214730
1894830406
1897086628
1897137945
1897821959
1900896693
1902829742
1903018383
1904301162
1905912846
1910532749
1912407162
1912753627
1913701523
1914151791
1914594815
1918610244
1919308092
1920304936
1924381535
1928830672
1934738693
1936509627
1937009012
1940847747
1941309530
1944687112
1950430494
1950887962
1953122447
1955275853
1967930390
1968938041
1969898456
1971498259
1973309001
1976233707
1976484367
1978776393
1981918958
1982058184
1983371610
1983528044
1984011483
1984220881
1986011490
1987595523
1988183556
1996348098
1996807619
2000679838
2000958919
2002221281
2003455364
2003751127
2004365946
2005111160
2005594555
2005775338
2011893732
2013104754
2017162875
2019809736
2020326551
2021535415
2025352845
2028286074
2031830275
2032633999
2034932455
2036877885
2037326322
2038110033
2038277403
2038657154
2042033551
2043810925
2044292582
2044560153
2048156726
2052381681
2052908418
2057444000
2061858601
2063265328
2065880604
2068460654
2069386348
2069630598
2070277729
2072745699
2073855500
2074097164
2074464611
2078693891
2080058234
2083431217
2084058267
2084912892
2085592704
2087649794
2092777055
2093261221
2094008976
2094379635
2097298498
2099897469
2104051491
2104800894
2105220989
2106172772
2106344193
2106784930
2108193066
2110747477
2111717996
2112359535
2118373460
2123500083
2125362644
2128976666
2130108171
2133149107
2137281976
2140017942
2141208345
2143600506
2145021399
2145878981
2147346503
